750
56
412
584
684 598
272
609 492
499
723
627
959
414 350
416
332
778
340
859
393
225
947 464
108 31
531
313
402 129
81
450
715 599
688
258
210
508
574
807
388 337
286
103
439
940 902
70
378
695 510
255
247
917
51 18
176
949 633
7
614
17
991 199
463
727
613
200 123
159
370
23
960 191
582 564
930 632
918 698
994
141
122
43
424 246
874
460
784
654
865
669
974 968
45
794 405
14
74
100
826
493
409 65
236 214
987
873 182
458 138
239
899
850
622 495
712
431
744 86
982 198
789 673
481 146
473
360
325
644
309
536
34
770 291
361
277
624 496
212
107
567
596
251
882 685
333
612 375
990 717
420
268
677
435
841 427
572 366
868 783
903 437
710 666
178
839
220
745
451
773 749
193
965 636
887
724
189
192
513 147
591
832 297
803
764
741
611
977 335
869
222
514
92
153 116
344 57
980 979
379
854
694
195 119
986
639
647
500
906
758 601
155 117
672
834 628
908
391
443 343
705 399
951
742
406
446
490 353
787
16
475 144
827
737 512
533
275
915 449
467
194
179
905
13
606
230
497
818 618
888
702
348
551
817 173
662 390
205
289 52
657 587
455 253
233
358
35
383 234
9
781 731
377
374
655
894 102
441
371 336
718
401 130
833 419
681 501
853 432
726 285
352
585 577
494 264
111
774 607
697 398
851
716 280
824 752
483
573 487
956 324
98
140
664 498
984 466
454 252
121
201
999 985
646
766
24
125
421
376 227
733
364
743
73
931
249 49
592
346
948
823
844
482 257
936
814 97
682
448
914
323
923
556
341 55
231 207
975
709 660
506
334
356
933
583 373
588
997
998
988 330
311
838 630
8 0
518 355
889
316
736
730
181
820
109
825 418
240
112
132
276
42
829
878
852
208
808 290
866 535
658
691
317
357
351
491
626
629
543 72
293
110
801 417
780
164
735 165
38
575
970
282
303
840 185
60
197
703 273
989
39
876 631
786
858 306
707
462
162 37
438 134
422 244
299
934 720
1
28
590 578
767
867
520
957 634
796 95
328
671
776
339 58
753 600
415 133
675 395
569
645
652
5
860
21
203
793 750
938
479
296
166
805 517
656
621
678
747
617 152
489
649
734
75
616
971
722
619 82
436
973 552
993 206
605
964
849
505
302
367
312
136
169 44
602
25
855
538
196
307 221
843
966
209
777
812
729
897 788
184
755
204 46
800 295
11
511 71
106
746
170
486
690
665 158
315
651 586
910 798
33
477
559
952 548
308
641
760 403
519
235
397
623
502
830
594
919 699
472
261
924
650
667
326
904 898
941 916
515
279
704
174
848
381
942
228
281
661 84
262 53
63
872 434
804
670 160
912 321
579 568
525 359
835 426
177
298
754
926
408 64
768
145
837 99
921
809
711 589
761
22
775
748
400
407 338
862 428
471 68
828 782
342
425
785
946 945
186
430
507
846 175
939
526
713
604
663
870
885 188
893
347
857 527
522 151
516
265
270 215
822
528 474
349
856 180
524 156
571 365
457
267
692
765 288
87
943 545
410 238
148
245
380
687
791
540
842
790
976
642
263 54
847 101
597
740 168
468
202
911 696
150 115
453
799
167
4
880
922
881 310
680
29
769 603
719
440
142
362
810 608
300
89
738
996 637
909 901
229
256 126
283
461 143
861 104
284
581 80
368 226
62
576
560
216
937 459
638
120
806 762
77
961 884
728
925
211
287
372 59
595 580
759 668
819
679
242 47
113
447 137
319
815
254
354
995 105
779
48
935
751 171
413 131
305
625 382
318 223
521 69
886
708
978
213
693
863
927 700
620 157
394 237
304 218
274
327 224
386 128
686 161
831
802
345 331
485
967 659
232
593
563 558
756
423
539
396
955
219
278
565
732
504
329
972
114 36
845
981 892
532
149
546
404
772
891 445
183 40
127
544 266
821
816 676
389
3
387
554
369
953 465
139
928 883
653 384
896
19
811
15 6
920 542
739
643 385
41
433
292
648
509
557
570
241
895
243 124
534 476
929 190
217
553 79
562 363
992
547 478
135
944
301
488
875
757
958 635
452 250
640
674 269
90
314
871 683
566 484
763 523
444 248
20 2
983
610
118 32
561
442
78
701 271
615 76
900
456
154
411
470 67
879 529
877
260
549
963
932 322
864
537 259
541
555
913
320
27 12
530
714 163
429
550
187
94 30
836
706
50
91 26
392 61
797 96
907
725
469 66
721 85
689 503
792
88 10
813 172
795 93
890
480
962
83
950
294
969
954
771
